X1	X2	cluster
S6.CAGTGTTTTGTT	-21.0773553897118	0.908745553208118	2
S6.AACTGGAGACCA	-19.2428664721951	3.8250537300298	2
S6.CATTCCATTTCA	-19.4983235046756	2.79770788362589	2
S6.GGTAATCTTATC	-18.7779644726622	-0.176501096944921	2
S6.TAGGTGCTATGT	-18.9744066519798	5.35609326678536	2
S6.CGAGTACCTACC	-19.0719486970677	0.656261325112886	2
S6.TGTATTTGTGTT	-17.9078303372943	1.53620427580088	2
S6.CGCAGGCCGATA	-3.46082649299538	-16.4157680200188	9
S6.CTGGCCACCTTC	-2.35950885700839	-17.3898599922243	9
S6.TCCGGTTTCACG	-21.4919659240986	2.11413413298445	2
S6.CAATCCATCTTA	-0.502570138468491	-12.6770711908536	9
S6.GCTATAATGTGT	7.6169464741442	4.24122829957277	7
S6.GGGTGGGATTCA	-21.7081606681928	3.99025052288861	2
S6.AACCGAATCATC	-3.78166458492199	-15.3004373553318	9
S6.TGCTGATCATTT	-21.6902230105627	1.54418342497905	2
S6.TAGCCTCCTCTT	1.84130613539543	-3.53717295600236	10
S6.GTAATTGTGGAT	-20.3493378410794	-1.8450761257512	2
S6.CAGGCCGCCGTT	-2.22807967786188	-23.9119207959015	1
S6.TTGGTTCTAGGN	1.27378014305334	-11.0155498428364	9
S6.CACCTACATTAT	-1.9745944058099	-15.5140607021866	9
S6.ACATCTTGCCTT	-22.0849088201589	2.17758818312079	2
S6.TATATGTCATTG	-21.6881516109489	1.83009095023733	2
S6.CCAGCAAGGTCT	-1.58349639058846	-11.9868111205147	9
S6.TGTTAGCCACAN	-3.60088062029089	-14.9497236685831	9
S6.CCTCCTGTAATT	9.26575425006095	13.9851401294299	6
S6.TGAATTTCTAGG	6.94009589753116	10.7876936046128	6
S6.GCCATTGACTTA	-19.261033552472	-0.0954341300959057	2
S6.TTCGTTAAACAA	0.192832186617862	-13.62027299496	9
S6.GTTCGCGTCTGC	-0.300644094867968	5.43108562638471	5
S6.CTAACCTAGCAG	-3.64373102602894	-21.5558730303825	1
S6.ACCGAACCGCCC	-19.8791764655404	0.994937510046759	2
S6.CCTATCAGCAGN	2.86160412476725	12.2117890687552	5
S6.GCATATCGTCGT	-16.7279018087532	3.20593911198394	2
S6.AGCCCCCACAAT	0.814632796024808	-18.2010559139978	1
S6.CCGTACTGCGGT	5.35054854426624	1.29414409001905	4
S6.CGACTCGTTGGG	0.549435239660152	4.37419266033094	5
S6.ACCTTCCTCTAT	4.87517564719776	8.75596692295833	5
S6.TTACCGCGGATT	0.455619994379525	-16.0692619227064	9
S6.CACATCGCATGG	-20.5285147093459	-0.768968514568395	2
S6.CGCACGCCGTTT	-0.745234014718314	-13.0366921457462	9
S6.TCACGACCATCA	-3.52796888038519	-16.4398563064287	9
S6.TTGCAAGTGCCT	7.35075996974679	3.85504810439805	7
S6.CTAGTACAGGTT	-10.3557958908018	6.31761646747602	3
S6.CATGTGTGAAGC	-1.57894460053236	-12.8727822504607	9
S6.GTTTTGTTTAAC	7.15405347577623	-1.56407047320417	4
S6.CCCCAAAGTTCA	4.02025805125714	16.0700530371255	6
S6.GGATTCATCCCC	-1.68375781880763	-12.2324038833265	9
S6.CGCCAAGCTGAT	8.86551879793748	12.5570114810703	6
S6.TTTGGTGAGTCC	-3.35683018714112	-15.5448641197482	9
S6.TGGGTGTACTGA	-22.2573767094447	4.25614064593202	2
S6.ATCCTGCGAAAC	-2.24013033572586	-15.2839246200424	9
S6.GCACCCCCGAAA	1.57610458928108	-14.8568928275155	9
S6.GGTACCGGATGT	5.02931845579913	-13.5503960034158	9
S6.ATACCTAGCGTC	-21.8220578190653	4.15703886876779	2
S6.CATGTCACTTGT	2.47788951108373	-15.8599687131761	9
S6.GGAGAGAGCTTG	-15.72943773321	1.14844800679159	2
S6.TATCTTCGGTCC	6.27008952023798	15.8157385527534	6
S6.TTCTACTTTCTC	0.429830052748266	13.3690998041568	5
S6.TCCCGTTCGATT	-3.48310205749638	13.3452855033261	5
S6.TATGTGCCTGCT	-0.703178179362457	-20.1697699763026	1
S6.CTCATCGTAAGT	-11.5451057421919	3.78689489011282	3
S6.GTCCCCTGACTG	8.93713526160911	13.6086191304961	6
S6.TTTACGGTTTGC	7.75185258858472	15.6248941259306	6
S6.TTTCATTCCAGA	6.55035765746178	13.3801929204727	6
S6.GATTCGTTATTT	-19.2105309041631	5.62396261005868	2
S6.TTCTGTAGAAAC	3.26208680923658	8.75453730049962	5
S6.TTGACGCAGTTA	-2.02977247749359	-12.8205169324016	9
S6.GACCCGCTACGC	3.66671836250507	12.3590834419254	5
S6.CAGCGGTTAAGA	0.549560415539063	-2.06858110548095	10
S6.TTTGCGTTTTTA	3.73349867905812	-1.18224816748129	10
S6.TGTCGGTTATCG	-17.2486865676734	1.24518886822238	2
S6.CAATACGCATTT	11.7466631663478	15.570970132372	6
S6.TAGCCCATAGAT	3.82891644202694	-2.71996875897065	10
S6.CTAGATTGTTGG	3.26456749578425	9.75836757454611	5
S6.ACGCATACGAAG	-19.132898771634	5.38105211672066	2
S6.GCCGTCGGATTA	-2.85290827662282	10.2232540394602	5
S6.ATAACCTCAATG	4.65698658070245	12.2222288547286	5
S6.TTGAGGCGAGAN	6.4407984292621	13.9632905386858	6
S6.CGAGCCCCTGAC	-19.0684171029252	-0.762115790954064	2
S6.CCGGTCCTCGCA	-3.34627247611142	-12.0110894445939	9
S6.ATCCGACCGTCA	8.16293180735952	4.10025448137666	7
S6.CCGGCAATGACC	0.812752126441116	-2.41686547049581	10
S6.TTCTTGTGGCGN	3.27754331425059	13.0290647423227	5
S6.TACGGAACCCCT	2.31665389263385	7.42187133635133	5
S6.GTCCAAAGATCN	0.519547810492732	-12.9978608846342	9
S6.ATTCGCACAACC	5.15200053441221	-13.725616830557	9
S6.CCACGTGATGCC	3.18613002831635	8.13770733471755	5
S6.ATATAGCGTGCN	-21.6862368563079	4.04354865856194	2
S6.GAGTCCTATCCG	6.8133343404445	5.68756998280747	7
S6.TTGTCGAGGTTA	2.50848246616387	11.0971753605325	5
S6.GGCACATTTCTC	5.9197116351649	8.36855379059241	7
S6.TTATTGTTGCCN	-3.95434753295681	12.6514698925908	5
S6.AACCTGACTATC	10.1327641185585	11.8070336968122	6
S6.GGAGGCCGCAGG	0.363496927774537	-18.2356376956623	1
S6.TAGGCGATTTAT	-16.3165659664901	1.35480855456351	2
S6.CTGAAATTGGTT	-4.93328245465531	-17.5243617071139	9
S6.TAGCCCACGCGC	3.26291196983595	-3.75800184922785	10
S6.TACATCCTGTGT	-20.6972140659843	3.29670889539791	2
S6.ACAAGGTTGGTA	6.73377007478533	3.81005218997355	7
S6.CCCTCTTAACTG	-18.8228915227779	4.20564013445917	2
S6.TTATCGTGAATG	-18.4235018892505	4.01763102632654	2
S6.GAAGGGTGACTC	-17.8125708108125	4.66544891244873	2
S6.CCGACACAGAAT	7.45595035475267	8.2586962133232	7
S6.CATGTTTCATTT	-19.8453084718291	2.77340358035316	2
S6.GAAATAGTTCCA	-19.8871512816576	-1.7838638861545	2
S6.GCCACGGTGATG	6.34449183151057	1.70300819100561	4
S6.CGCATCCATTAC	11.1304704925527	13.4918189410052	6
S6.TGCAAGCGCTCG	6.6490646245001	-0.400625545966094	4
S6.ACACGTTATTTG	11.0269319003791	0.931423336142023	4
S6.ACGCATGTCCAA	0.412453157457012	10.8158009948068	5
S6.CGGTCAGTTCAT	-19.1038170576715	-0.609236431829058	2
S6.GACTGGAGACCA	-19.3050946880313	3.93239253272215	2
S6.GGCCTTTTAAAC	-19.249709139064	0.621508785297241	2
S6.AGCTCAGCAACG	-10.5231612960891	6.41597092272812	3
S6.TTCCGCCACATG	7.97259336169213	14.9945940363392	6
S7.AGAGGGAGTGGA	-6.84193543812214	-17.9891540219464	9
S7.CCTTTCGAAGGA	-20.9584645916826	0.843442470299015	2
S7.GTGTCTACCGTT	0.105846582622435	8.49050273749087	5
S7.TCTTACTGGTGN	-16.8426081252871	3.22451175857914	2
S7.CCACATTTTAGT	-3.71439519648436	-21.5084130363526	1
S7.TACCCCGGATCC	-0.296270922730493	9.72262767032777	5
S7.CGTTTACCATAG	9.95999751146269	-0.0457415165076527	4
S7.CGCGGCGCTTAG	-0.42886789899327	-15.9465264155167	9
S7.CAACGGCCCCCA	-2.70349449721025	-12.3670188875225	9
S7.CTCCGATTCTCA	0.0913539640002604	6.25626247580282	5
S7.TTTCAATGTAAC	4.6456651515548	10.9968128033946	5
S7.GCTGATTGCTCA	4.57387553173863	11.0159265301687	5
S7.CTTATAGCTTTA	-11.5528083743892	4.91956253635261	3
S7.AGATTGGGATTT	1.41985445541134	-13.1782431309969	9
S7.GCGCATCCCAGG	-4.44955430118586	-14.6864473322823	9
S7.TGCCCAATCTAT	-20.6630628190579	1.91997233768978	2
S7.ATTCTTACCCAA	0.985059803960624	13.0748578458062	5
S7.ATGATGTGGAAT	-0.409842127784487	-18.5737565464596	1
S7.TACCACCTGTTC	-1.07322736494049	10.3619042539917	5
S7.GATTTCAGGACG	0.238210471807977	-19.4568855097236	1
S7.CTGGGTCGTGGC	-2.37026684044451	-19.0826656152427	1
S7.CTGGGATCCAAA	12.8680026635593	13.4663123871958	6
S7.CTGGCGAATTCA	6.8701767255497	-2.89462591641211	4
S7.CTTCTGTGATAC	6.90104456585502	2.23323402787209	4
S7.TCCCATTCGCAC	-3.98972912199668	-18.3634206011517	9
S7.GTTGTGGCTCGC	-20.0578059521695	0.974933642730326	2
S7.CACAATCGCTTT	-1.04981876441925	13.0431642403597	5
S7.GTCGTTCGGCAN	0.915737970812557	12.9938664289054	5
S7.TATTTCTCAAAN	9.41244733055293	6.73691349206769	7
S7.AAAATGAGCTAA	2.97626749423204	-13.0406405560501	9
S7.CTGCCCATCTAG	11.8605307467071	12.8162913204319	6
S7.CGCCCTGTTGTG	-0.943654527769261	12.2630975722012	5
S7.TCAATTAGTATT	-2.37252867410856	-19.1813789274058	1
S7.TCCGCGTTCCCA	9.63467767014854	1.99747596578592	4
S7.CCTATAGAGGCT	10.3924773846353	0.372392012765583	4
S7.GACAAACTAGTG	1.2301417933256	11.9826096525223	5
S7.ACTTGTACTGTG	0.950343278527007	8.34790711188498	5
S7.ACTCACGCCTGA	-1.19356324176278	12.8618427000931	5
S7.TAAAAGCGAACT	-0.493698885041935	11.014653269419	5
S7.TGTACACAACAT	4.53041175875947	-11.7150291056351	9
S7.ATCGTAGTAACG	8.99495268466625	2.06108338756699	4
S7.TTAGGCATCATC	11.7368158195155	11.7058705957922	6
S7.CTGTATCTTCGC	5.21069740370653	0.736598047202234	4
S7.AATGCTCGCCTG	-0.930271817376959	-20.7876097512543	1
S7.GCGGTGAGAGAT	7.17236938467005	-0.0769395257104415	4
S7.TACCCACCCTAT	1.13641506678013	-12.0704157905892	9
S7.TATCTCTCCCAC	10.4153246675638	10.545660959614	6
S7.GGCGATGTAGGC	8.87475638343011	1.40546509723966	4
S7.AGATCATGTTGT	7.88841994967343	-2.12958979586843	4
S7.GGAGGGAGTGGA	-6.84862091220349	-17.9884277719903	9
S7.GCGCACACGACA	-0.916844386411652	11.2220326173909	5
S7.TTTATGGTAGAA	5.07576578893829	11.0181159720637	5
S7.TGAGCGCTTCAA	9.58366734560656	5.8069866317696	7
S7.AACCTCCACTCC	8.35454401718501	-0.984829904260295	4
S7.GTTACAGTAACG	7.44220356268548	-0.0144585134254394	4
S7.AAATCAGTTTGG	10.430479114052	-0.744332343353002	4
S7.GGAGATACAATT	9.79133402179497	0.789617638044112	4
S7.GTCTCCTAGTCG	7.91047516014474	0.199888377890591	4
S7.GAATGAGTGACA	9.14388340042484	2.15917796357501	4
S7.ACACGCTCCCGG	11.189732196047	-1.61126344247329	4
S8.GCACTGCTCGTT	2.89756638814632	0.133167418171875	10
S8.TCTACTGCAAGT	1.19573392379579	8.37986395396739	5
S8.TACACACCGTCG	2.1276203673817	10.5440281790166	5
S8.AGGCAGATCTTG	8.1825067429178	10.8161354860798	6
S8.CGTTCGGTTTGC	5.47689011210507	-1.72835065081094	10
S8.GTCTGCTGTGAT	1.65098375094295	-0.458143442386706	10
S8.CAACGCGCCCTC	-18.3532982767516	2.41536046310787	2
S8.TTGAAAGTAATG	2.91267900375706	-0.23803408606972	10
S8.TGAAGCATTCGT	7.99877058669761	-3.7355880925434	4
S8.CTGATCCACTTC	1.60140683851886	-12.9254884219344	9
S8.AACCGGAGGATN	4.49985447056092	6.80493014887968	7
S8.TAACATTCTGAG	0.1071271187266	12.0170865591733	5
S8.GCCCCTACAAAG	1.70601342164856	0.965578832137747	10
S8.CACACGGTTATC	-2.68522471946935	-16.0973976252443	9
S8.TTCTCAGCGACT	1.34156361205204	-14.5390877335721	9
S8.TATCAGATGCGA	6.62380328579028	-1.68021621666606	4
S8.TTGATTGCTTTG	-2.49717974468943	8.98123184139385	5
S8.GCCATGGGAATC	2.65611345665645	-0.190882371228206	10
S8.ATGGTAGAACTA	6.30370930985623	2.85866130363247	4
S8.GCCTGCCCTTTC	3.72256059647605	10.6726450097728	5
S8.GTGTCCCGAAAG	11.7940431156532	12.9891051411231	6
S8.CACCATAATACG	0.43277562224579	-18.1396865662015	1
S8.ATCCTTGCTAAC	11.3577383824712	14.0721215344507	6
S8.TATCTGCTACAN	5.80629518457201	12.002790002388	5
S8.TACGTACGCTAG	2.38630193549053	11.2806248292527	5
S8.ATCTTAATGAGA	3.83865106224594	-0.220189818161734	10
S8.GATCGACTTGCA	3.77198575727918	5.92519799914605	7
S8.AATACATTTTGA	6.19209521199383	10.4509663256923	5
S8.TTTTCGACGTTA	-20.0415841639155	0.266263968067523	2
S8.ACCGCCAGGAGT	-4.13021357348644	-18.7846173766116	9
S8.ATATACGCGCAT	0.120928751383844	8.45713204028137	5
S8.GTTTTAATTAAT	11.3943351294251	11.9980219042796	6
S8.TGTGCAAATCAA	0.378328792377882	7.6642756946082	5
S8.TAGACTCAGAAT	-3.22163304603388	-13.4340993219735	9
S8.ACCGACTCAACA	0.236997094787429	3.21705307572535	5
S8.GTCCATGCACAT	-2.24316408935581	-18.9570101247464	1
S8.ATTCCGACATTN	4.15027204191242	-1.99935930170918	10
S8.TAACATCTGAGA	10.3953960722651	11.8359406217232	6
S8.TTTCAACTGCCT	-20.8953417480456	-2.26284449530008	2
S8.GCCTTCGTTAGT	-10.4043252111286	6.2621008736949	3
S8.ATTGGCCCCTGA	1.22097371523385	-13.9094275841555	9
S8.TGCCAACTATGC	-3.47857709036956	-20.3705880142359	1
S8.TTTCGCCTTTAA	7.81889638180952	6.31164822403328	7
S8.ACAGTGCTTGAT	7.12257380357443	7.91368270321349	7
S8.GTCTTGTTCCTT	6.33038076018132	10.9979869777938	6
S8.GTTGGTCACCGA	-1.91075904403963	-24.1430291289898	1
S8.ATGGATTTTTAA	11.1263256654579	8.65784618467472	7
S8.CTCCTAAACGGT	2.48026579354332	-11.0512602284539	9
S8.GTGGAGTGGCTT	2.30447530004863	-14.7671744561801	9
S8.CAAGCCACAATG	-20.4026423652643	2.51091530639643	2
S8.CCAGGTGCCAAN	11.0714507507461	12.6899922879746	6
S8.AACCTCTTCGGT	11.4180422226096	11.6963675322628	6
S8.GCTTGGCAGAGT	9.56773047690121	6.89472502864805	7
S8.TTCTGGTGCGGN	7.26382339801988	9.04631200564564	7
S8.ACAAACGTAATT	-0.664230467077455	8.42605047672979	5
S8.CAAACCTTAACT	5.96355305581108	5.94930960137923	7
S8.TTTTAAGCAGGC	5.72981819765457	-17.478751802359	8
S8.AGAGTATGATAC	-0.340749090875528	-12.2830831299539	9
S8.GAGTACGTCCCA	9.74209801480626	15.1744035214089	6
S8.GAATCCTTTTCC	9.12689103133449	4.62798901412102	7
S8.CAGTGCACTTTC	8.9541125581731	10.3198461716399	6
S8.GAGTTCGCTGCA	11.7471301098361	13.0426407565008	6
S8.CCCGAAGCCCCC	10.7584147826244	8.13076982291916	7
S8.GTAGATAGAAGA	7.78703958313259	9.78006951025627	7
S8.ACTCTCGTTTGC	-1.39735323792473	14.6991011333419	5
S8.ACGCCCGCATCC	-0.443917204701651	8.96411195060333	5
S8.CATACAGAGGAC	0.22100673993425	-18.7291669621898	1
S8.CATTAGGGTTAN	0.139121956527179	12.6418185890192	5
S8.CTGGTTCGGCTA	9.68268802019637	1.13590308001359	4
S8.GGCCTCCGAACT	9.87940540183425	13.3919537013067	6
S8.CCCATGGTTCTT	2.91586826963377	-12.3305034987672	9
S8.TTTATTCCGGTT	-16.018146878933	3.39150139151247	2
S8.TGTATCGCCTAG	3.1644111670154	-11.0601615924852	9
S8.GAAACAGTGCAG	12.5864033287262	11.1418317210311	6
S8.ATCCCGAAGCAC	9.93479670336823	-0.637573535904973	4
S8.ACACCATTGTCN	9.67747893580427	15.3497302796919	6
S8.CTATGCGACACA	9.53830569004569	-1.30824449016086	4
S8.CCCCGCTCCCCT	0.60686911566035	-15.3793117296635	9
S8.TCGCGGCGCATT	-0.931289072664324	-20.649819753311	1
S8.CATGACACGAGA	-2.84754513450694	9.14725174052681	5
S8.GGTTTACTTCCG	9.83393496763465	14.2173170885986	6
S8.ATATAATAACAT	10.3455295916945	10.1122746661245	6
S8.TCACAGACCTAT	-0.766689305946618	-18.6561285919332	1
S8.CACGGTTTTGTC	7.11321692965596	15.7772853744551	6
S8.AGGTAATGTATG	-0.0130538222676524	-17.7263946246666	1
S8.GCCAGACGCCAN	-20.4524836153677	2.64935519393912	2
S8.ACGCGCAGCCAA	-22.3103287986113	4.11112332779178	2
S8.GTTACCGCCCCA	9.89048210516953	-1.31831669123765	4
S8.GCGAAGCCTTAA	1.16674660058391	9.40483894388437	5
S8.AGTATTGCCAAG	9.98333034429267	1.78290933580334	4
S8.GCATAGTGTTTA	12.3257576887489	10.0692930880484	6
S8.TTATGGACAGCG	0.741419005820518	-14.7832003987002	9
S8.GCGTCGTTTGAT	10.2009600391486	14.6628900121439	6
S8.GGAAATGGGGTG	-1.06567302350436	-22.3370483597403	1
S8.ACCGACATCGGA	9.07595469668641	-1.97236667193606	4
S8.CTCGGGACGCGT	3.50751681438203	-13.8526661413489	9
S8.ATTGCTATTGAT	-22.2979886562564	1.10431568600972	2
S8.AATAGGGTAGAC	11.0914908267557	10.2706753983636	6
S8.CTTAGTGGTCAA	-5.23517626499049	-15.19309806223	9
S8.TTTAAAGGGAAA	0.534297540525623	-19.1240363073564	1
S8.CCGAATCCACAT	9.03418532285483	-2.56127974512356	4
S8.CGATATTCTTCA	-1.37771119355072	15.273996858633	5
S8.AAACCTGAGCGT	1.64570535868817	14.0770857283881	5
S8.AGAGTTTGGTGC	-2.03382350783654	10.7397377269349	5
S8.ACTCATATAATT	10.1017737695512	6.64739923066861	7
S8.AAGAGTGACCGC	-1.21695441549453	-21.8134244055883	1
S8.ATGGCCTTAACC	8.28825527920779	1.50358899588087	4
S8.TCTACCTGTACN	12.2711129257339	14.1530379103922	6
S8.TACGTGAGGGTG	-0.455147164900893	14.264812940031	5
S8.AAATTTACAGAC	-1.2572440880942	11.4608119934564	5
S8.ATGGATCATTCC	10.82027183409	13.0378225071621	6
S8.TTTTCTCACCCT	1.80014546424273	9.80722875606074	5
S8.CTGATGCGGAGG	8.69784217205131	6.55426798753688	7
S8.TTTTCTCACTCG	4.75111429686062	-7.61381932805443	9
S8.AGTGAGTCCCGT	-0.842069040883548	-21.8950483468648	1
S8.CACGCCATTTAT	0.989406295830382	-13.0319083765904	9
S8.AAAAGGTGCCCA	9.26135495892919	3.56484711859803	4
S8.CTACAAATTGGT	7.50722639764626	-4.2543957289056	4
S8.AAAATGACGGCT	2.55278084516022	-11.623470288419	9
S8.ACACAGTTAAGN	10.4316763284044	3.8955599487824	4
S8.CTGGTTTCCGTC	-3.23378619768598	-13.2305297537297	9
S8.TACATCGGGGGT	0.0112976457446885	-19.3853567872761	1
S8.TGGTTAGTAAAT	3.24157853025836	-19.544292630375	1
S8.AACGTTCTTCAA	4.73005839053635	-9.98924732683885	9
S8.GGGATTGGTCTT	-1.49261655709015	14.66180638192	5
S8.AATGCCATACTT	3.33467728180596	6.74467041275314	5
S8.CGGACACCTGTT	2.25303121509764	8.78573115016501	5
S8.TGGTAACCAGTG	7.02134898531605	6.54758582818018	7
S8.TAGGACCATTCG	-0.282108346892054	-22.0855706002288	1
S8.GACGACACCTGC	4.30032843235022	4.74301694261541	7
S8.GAGCTCGAATTT	0.316963370538753	-20.2757023246376	1
S8.CGCGAGATGGGA	10.356462201012	-0.118824284314717	4
S8.GGCGGCGCACGN	2.05770177029405	-12.1357757436506	9
S8.GTCTAAGGAATA	10.4847618802229	1.28233500964173	4
S8.CAACCCACGCAG	8.93354085489576	0.829862142372061	4
S8.TGCCCGCCACTT	2.01803791680985	-14.0885165126496	9
S8.TCCCTGAGGGAA	3.86650242665387	-10.6438037833398	9
S8.CCTAGATGGAAG	-3.15374690630486	8.93219260779834	5
S8.ATTACAGTAAGA	5.26130782134186	-2.40274517438919	10
S8.TCCACGCCATAG	5.42142384999733	6.58140119734833	7
S8.GAGCTCGGTTTC	0.019730151909313	-20.8712569085853	1
S8.ACTTAAGCCTAG	11.3112630793124	10.0265074753501	6
S8.CGAGAGTTGCGT	11.2865868155294	4.16203990597366	7
S8.AGTCGCAAACAC	-2.34396416647258	-11.4948837906139	9
S8.TATGGTCGCGGA	-4.25356798485719	-17.7917133527649	9
S8.TTGTGAAAGGTC	1.17855220525358	-12.090568653452	9
S8.ATCCCCCGTTTA	10.6001271907098	11.1112778232475	6
S8.CGAGAAGATCTG	1.85122994446322	-19.4517102149673	1
S8.ACAACTGGTCTN	10.2729951487698	6.66153422341891	7
S8.CCCGTTGCCAAA	8.33708359650739	7.67806353401959	7
S8.GTGGCACGATAT	2.11920583932308	-1.26593767265373	10
S8.TGTATGAGCGTC	9.8134305057035	-3.03736771468822	4
S8.GTCCGTTAAGAC	5.94460836356266	5.88279197151838	7
S8.GATTCTGCAGCG	11.222899630605	7.1595553295648	7
S8.TAGTAGTGTCCC	5.48292062329138	4.68101604530427	7
S8.TACTCGTTTAGT	10.4262251894832	4.75667085576099	7
S8.TTCATAACATAC	4.83362108205955	-9.66810781145264	9
S8.ACTAATAGCGCT	-2.08764253648895	-19.8180903000756	1
S8.ATGGTCGTTTTC	6.53302545517147	7.3759485573934	7
S8.GAGCCATGCGCG	8.0877792961177	1.12857000018879	4
S8.TTAGTGGCGACT	12.2027311487553	8.94585061713183	6
S8.TGCGCGATCAAG	12.7504615822106	7.82113163038749	7
S8.GGGTGCCTCTCN	9.45713780828812	5.60634372943699	7
S8.TGCCCAGCGGTC	7.54544163613718	5.31813106731716	7
S8.ATTCTAGCGCTA	11.1451026217493	1.96522023937569	4
S8.CTTCTCAGAGTG	11.4472488261158	-0.540479672461944	4
S8.GCAGAAAAGGTC	11.3305856709816	6.00676737098212	7
S8.GCATTGCGCCTN	10.7360790441814	0.117668441779787	4
S8.CGTTGTTAGTTC	11.422889829099	2.36204701231535	4
S8.GGCTAACTTTCC	11.860601933637	0.687526971991938	4
S8.GGGCAGATCTTG	8.18009726905025	10.9469187393019	6
S8.CCACTGCTCGTT	2.97683026537208	1.45460354593623	10
S8.TCACTGCTCGTT	2.97318189328553	1.49843515870376	10
S9.GCCAACTCTCCA	-18.6045793205744	5.02324725199137	2
S9.AACCTACAACGC	-19.2733920430174	2.03389585325953	2
S9.CAAAGCGTAGCA	-19.0964058385756	3.36756108628889	2
S9.CACATTGTAAGG	-18.8141156273724	0.7788429372142	2
S9.TCAGCTTCGGCG	-17.835528804434	2.00098476625801	2
S9.CGCTTGCCCAAC	-10.4033328960526	6.28450759128185	3
S9.CCCTCCCCCGAC	-2.41722051099541	-16.6564594218561	9
S9.CTCACCCAGCGG	6.2879830756099	1.98438362475166	4
S9.CGGTTGCTTAGT	2.98912090966951	0.271806159220042	10
S9.GCCACTCCGGAC	3.02109866449456	9.34650422893233	5
S9.CGACTTTGATAA	-17.0268417706035	4.5382069510041	2
S9.CGGTAGTCGTAA	5.35694345716384	1.28673469494692	4
S9.ATTATTACCTGG	3.03227089667033	-1.07966610033017	10
S9.TGTAGGCTCAGA	3.73553677736704	10.5550324334164	5
S9.CGGCTCGGTTTC	0.319007632860706	-13.982278765037	9
S9.TCGCTCAACTGA	0.681620899139156	-9.83919275342691	9
S9.CGGCCCTATGCT	0.841933108152543	-14.5097269825177	9
S9.CGGCTGAGGCTA	3.4016509723449	-1.59485878869694	10
S9.AACAATGTATCA	-1.87608627447597	-14.2530814823442	9
S9.TTATATTCCGAG	4.11154381387703	15.6071169479283	6
S9.CCCATGTGATTG	-0.0389081371138225	-11.8741570025364	9
S9.GGCCTTCTTCCA	0.0416435312529288	12.3279023213991	5
S9.CTTCTCTCAAGA	6.51234990251587	13.2305887828029	6
S9.CGTCACGCCTCT	3.36429381455097	-14.8827497270554	9
S9.TTTACAGCGTAG	-2.82493419931162	-16.7995245516854	9
S9.AATCAAGAGAAT	7.55797339605342	12.8224784619192	6
S9.CCTTGGCATTTC	8.7130592023148	13.3332997813649	6
S9.TAATACGCGGCT	-2.63149531051425	-15.3707406930076	9
S9.CATCACGTACCC	9.66554795739348	14.0044338409018	6
S9.CTGTCTTATTTC	-1.86234344612166	-13.6425496745116	9
S9.GATTCTTCAACA	-1.83626524977486	-15.6639929746737	9
S9.AAATTGCTATAA	11.128381400943	14.6714516750472	6
S9.TTGCCTCACTGA	8.28058089636451	11.7928532293778	6
S9.GTTTCACCCTGG	7.12144740098349	2.0963030265685	4
S9.TTGGTCATTCCA	2.23126566565274	-3.27404284807244	10
S9.ACAACTTATTTA	4.20066833522899	-5.03148614845838	10
S9.CATCGGGTTCGG	9.23112163700109	4.61938765572934	7
S9.GTACGGCCTCCA	-21.4918594770913	0.947943859776042	2
S9.GCTGATCAGTTA	-1.3732065993803	-15.5782137357418	9
S9.ATGCCTCGGCGA	3.71508443588556	11.4083871334227	5
S9.AAATTGGTTGGA	3.68390105600403	-3.36194692949115	10
S9.CCGCTTATTTCC	9.51095427765394	-1.335563899904	4
S9.CCCCTTTGAATT	0.841850749512699	-14.8504361966763	9
S9.CCTATACGCGCC	10.8683455738496	14.3708645129848	6
S9.TAGACTTGATGT	-4.65283197780941	-16.0263151555929	9
S9.GATACACAACAN	-4.2759218728892	-15.4999097030973	9
S9.TGTATAACAATC	-17.8143914435641	0.94138343674863	2
S9.ACCATACGCTTG	-1.81672848910255	-24.3360618421276	1
S9.ATTGAATGGATA	5.72501595071147	-17.4833693877407	8
S9.ACACAAGCAGTC	-18.7127471041523	-1.88476427570293	2
S9.AACCAACCATCT	4.06987317113832	15.4900534918117	6
S9.TACCTGTAGCGA	-19.1117434412491	-0.210937703760558	2
S9.GTTGTGCTCACT	2.53444780783331	-15.7689795205943	9
S9.GTCGGGATGAGA	0.461983908522719	4.43287833772938	5
S9.CGTAATTCACTC	0.542617780889584	-15.7851830373068	9
S9.TTGTAATGAAAT	1.03094969283744	-18.1090293614351	1
S9.GGTTAAATCTCT	-2.45723520528486	13.4508593214781	5
S9.TTGTGCTCGCCA	2.50674313398482	10.9763015523138	5
S9.ACCTATCGTACN	-10.0590689804916	6.55159902957607	3
S9.ATGATAATAAGC	-0.893161921590131	-14.5249586064617	9
S9.AGGAGTATCGAG	3.04441086720002	-2.93154774355257	10
S9.ATCAAGCCCATC	-17.5683922990388	-0.11946339805692	2
S9.AAAGGAAACTGC	1.48900928602256	-16.3504797654573	9
S9.GGGATGGCTTCT	-0.93571212199405	-13.6642072314774	9
S9.CGCGCAGCCCTT	4.15143220138341	8.16508155437653	5
S9.AGATTGCAGCGT	-20.4695061092379	-1.84036532002172	2
S9.TGACCATCATCA	8.24736974532727	8.94729013420274	7
S9.CGATAACGCAGA	-22.2911878863916	1.30735418486705	2
S9.AAGCATCACTAC	8.16188428032444	14.1734296046064	6
S9.TTGCCAGTTCTA	9.03230303214375	8.53777358776889	7
S9.TGAAAATCAGCA	4.93634625801766	4.06960210214407	7
S9.CTCGTCTTCCCG	-9.46982098822784	6.96849832484235	3
S9.CCGACTCACAAA	-0.0243571537717801	11.58067585401	5
S9.CATTACGGCCGT	-2.84025669488088	11.3171404422344	5
S9.TTACAGCTGAGC	-21.1885765086995	3.55594580141454	2
S9.GGGCAATCTGAG	-0.0359238675135376	10.9772689629533	5
S9.TAAGTCTACGGT	11.246955918993	14.0039533880604	6
S9.CTCTTAGGAGAN	-21.0383207815336	-2.55070798640378	2
S9.GGTGGCGATTCA	5.30473110792418	8.67013921920198	5
S9.GCCTACGACGAA	4.04021893269932	15.7184481481879	6
S9.TTATCTATTCGA	-19.1729634777173	-0.916775353996473	2
S9.ACGCCTGTATTC	-3.9931159864434	-15.3262662327502	9
S9.GAAATGCTAACC	-20.458652176661	-2.12849416048545	2
S9.ACGACTCCGAAA	7.55773951927332	2.7454735545147	4
S9.ACTTTATTCATT	-2.82215552157835	13.8121193806854	5
S9.ACATTCGTTAGG	6.99261992633327	1.2297553380981	4
S9.CCCCGTTCCGGA	-23.0776517994579	3.4460444972838	2
S9.ATTGAAGTTGTT	-11.5979508483502	3.66886251444158	3
S9.GGTACTGTCATT	2.59640856488382	-2.32726470817478	10
S9.CACCGGCGGTTG	10.0952439150388	16.1698357147874	6
S9.TAGATAGGGTAG	-18.7909358188358	0.935143520441433	2
S9.ATCACAAAGTAC	-20.5728311997571	-1.27221130211954	2
S9.ATTCCTCGCCCA	9.5566719076913	8.44966030586442	7
S9.AAAATTGCTTCG	4.77204899559575	9.06009530766764	5
S9.CCTATTATGGTG	-20.5058243509609	-0.82336345667321	2
S9.CCGACCGTCTAT	-0.257072300445926	-14.6297934251066	9
S9.CTTGAAGGTTTA	1.42409734847827	-11.4630922830063	9
S9.TTCCTGTGCCGC	-16.4716531657413	1.37027130192557	2
S9.TTTCATACTCGT	5.1830896788951	13.8504255871955	6
S9.TATCTCCGATGA	-11.5736515338566	3.78343776089223	3
S9.CAGGCTTCCAGA	-19.4202955739644	0.185405834467633	2
S9.GCTTGCGGTTAA	7.84621259881317	5.73357693479847	7
S9.TATCTCCTCCTT	-4.59407760791425	-17.6930371410061	9
S9.ACCACAGTAGTC	-2.31425839270213	13.0276083107709	5
S9.GCACATCGATTT	9.87007244053327	12.1433127374858	6
S9.CATGAGCTAATA	-2.43800269248504	14.1981502657173	5
S9.GCTGCTTTTTCA	0.667741576406279	11.4151491458362	5
S9.CTGTTTCAAGCG	-10.4944160230496	6.31308425231189	3
S9.AGATATATCCGA	-2.0117463907153	10.8759505670609	5
S9.TGGTTGTGGCAA	-2.25360411999655	12.9526433063926	5
S9.GACTGTCAGCAC	-0.325059526520811	-13.8299639675151	9
S9.CGGCTCACCACC	-2.40881948453917	11.1931876706264	5
S9.GCCGTCGTCGGT	-3.46145401902173	10.3304269626274	5
S9.GCGGCTCGCTAT	-1.87337673792894	-13.9555673094834	9
S9.TTCGCTACTGAC	4.2034697136246	-4.21396868355737	10
S9.TTGTCTTCCGAA	2.75771323865812	-12.787387798645	9
S9.ACAGGCCGCGAT	-2.7270499038927	-11.6762332213998	9
S9.GAGCCTGGAATN	3.2479145277949	-14.7738285213809	9
S9.TCCACCGATACG	8.66653336763701	7.00429884766696	7
S9.GAGTGGTCTCGA	-2.93425617813191	-22.0718024464858	1
S9.CGTTAAGGCTCA	1.30618324099098	13.902222483333	5
S9.ATCCTCAAGTAA	10.7671193377546	15.3803888577354	6
S9.CCGTTGGTATCN	-5.76041464262545	-13.4528956812399	9
S9.AAAATCGGGTGT	-0.65114747769138	5.55402651960354	5
S9.GGATTACTTGAC	6.2165610816118	15.7884034881611	6
S9.TGATTGATGTTC	2.39496856608529	-13.9485382731765	9
S9.AGACCCTTGGAT	2.44897480456925	-0.865448175353833	10
S9.TTTCTTAGGTCC	6.7442231081964	1.14402463764745	4
S9.GCCGACCTCAAA	0.798810200045481	-17.597752618641	1
S9.CAAACCCGGGCA	2.04942644906488	-13.8526846539665	9
S9.ACGTGGTTGTTT	-2.28057788346831	-23.850634734439	1
S9.GTGCCGTACCTT	7.52687367427106	7.07151109524566	7
S9.AGTCAGGTTCAA	-0.809305996928809	-10.6212015714706	9
S9.GCGCTGTAGACG	-1.5386642073381	-22.0351952210239	1
S9.ATTTCTCGTGTG	-10.5070847341973	6.14806587412516	3
S9.CAGAGACCGTGC	4.00756750503619	-15.557991642448	9
S9.TATCAAACCATA	4.64189447457674	4.42303060232851	7
S9.ACCGGTGCATTG	2.81061450078147	-14.5500445077372	9
S9.CCTATCCACGTA	-2.36465305862267	11.4301466378978	5
S9.GGTGTGGCCGAA	2.54316347216111	-12.2800820834331	9
S9.AATCTTATCACC	2.31546619284583	12.7508287048102	5
S9.TGAGGAGACTGA	10.7223994687607	8.26842727728628	7
S9.TCTAACACATAC	9.53027030838824	7.69669321710361	7
S9.CGGCAGCGAGAG	-1.92823051979611	-21.8089984337424	1
S9.CAAATCGTCGCG	-0.65910544448347	-19.9014695143361	1
S9.GATGCGCGGGTT	8.33809335338731	14.9121381303902	6
S9.CCTCCCATGGGT	1.33145823389157	-19.8161788810662	1
S9.GCCTCCCCCAAT	-4.40693003786562	-15.0374412783416	9
S9.CAAGACCTAAGG	5.16765645038702	-4.16052430090159	10
S9.CACGGGTCGGGT	7.23688276696084	3.2182226340788	7
S9.GACCTACAACGC	-19.3185083122661	2.070425226909	2
S9.GTGGGGTCGAAT	9.66822778711264	8.67143806836758	7
S9.TATTCTCCGGTA	-17.3773591616906	4.69337058123572	2
S9.TATGTGCCCGGT	11.5607581595322	15.1315031424385	6
